image_width: 1280
image_height: 720
camera_name: TUM_Prophesee_Gen4_left
camera_matrix: 
  rows: 3
  cols: 3
  data: [1049.583093461661, 0, 634.7184038833433,
        0, 1049.422974604055, 263.4697453096184,
        0, 0, 1]
distortion_model: equidistant
distortion_coefficients:
  rows: 1
  cols: 4
  data: [-0.11519655713574485, -0.06222183183004903, 0.21682612342850954, -0.23528623774744806]
rectification_matrix:
  rows: 3
  cols: 3
  data: [0.9997548266766889, -0.01266626048306186, -0.01816183861944932,
         0.01247096879510436, 0.9998636259452683, -0.010826100354785,
         0.01829648802298489, 0.01059695036109764, 0.9997764465964725]
projection_matrix:
  rows: 3
  cols: 4
  data: [974.8248157781248, 0, 661.4641988306471, 0,
        0, 974.8248157781248, 249.0317338956286, 0,
        0, 0, 1, 0]
T_right_left:
  rows: 3
  cols: 4
  data: [ 0.999906781375227,  0.002756653661083, -0.013372711782827, -0.118451517657685,
         -0.003041059118927,  0.999768629994468, -0.021294093979776,  0.001814547107986,
          0.013310917296299,  0.021332776180731,  0.999683816084443,  0.000606390802493]

T_B_C:
  rows: 4
  cols: 4
  data: [ -0.015675762013047, -0.999861024281606, -0.005674734165405, -0.034803406191294,
          -0.999797602849725,  0.015602684178975,  0.012700770935420,  0.059717733503746,
          -0.012610464751673,  0.005872679877948, -0.999903239223575, -0.036947272545576,
           0.000000000000000,  0.000000000000000,  0.000000000000000,  1.000000000000000]