image_width: 1280
image_height: 720
camera_name: TUM_Prophesee_Gen4_right
camera_matrix: 
  rows: 3
  cols: 3
  data: [1047.667815950651, 0, 652.9082479181607,
        0, 1047.523065288852, 260.5410079204179,
        0, 0, 1]
distortion_model: equidistant
distortion_coefficients:
  rows: 1
  cols: 4
  data: [-0.12461068584135461, 0.006075037311499091, 0.035661921345332574, -0.08888043680457312]
rectification_matrix:
  rows: 3
  cols: 3
  data: [0.9998695874466074, -0.01531690352425242, -0.005118648823662402,
         0.01537085831336611, 0.9998248945376154, 0.01067318966179831,
         0.004954272303947544, -0.01075047576970606, 0.9999299387740439]
projection_matrix:
  rows: 3
  cols: 4
  data: [974.8248157781248, 0, 661.4641988306471, -115.4845395129675,
        0, 974.8248157781248, 249.0317338956286, 0,
        0, 0, 1, 0]
T_right_left:
  rows: 3
  cols: 4
  data: [ 0.999906781375227,  0.002756653661083, -0.013372711782827, -0.118451517657685,
         -0.003041059118927,  0.999768629994468, -0.021294093979776,  0.001814547107986,
          0.013310917296299,  0.021332776180731,  0.999683816084443,  0.000606390802493]
