image_width: 1280
image_height: 720
camera_name: TUM_Prophesee_Gen4
camera_matrix: 
  rows: 3
  cols: 3
  data: [1051.3170714099033, 0, 636.1348547903337,
        0, 1051.7952009807022, 265.7059221322115,
        0, 0, 1]
distortion_model: equidistant
distortion_coefficients:
  rows: 1
  cols: 4
  data: [-0.13104704164707634, 0.07279844505754081, -0.21109298825047648, 0.18493426446978858]
rectification_matrix:
  rows: 3
  cols: 3
  data: [0.9996801027846643, -0.01425548616909366, -0.02089194128188368,
        0.01403938405407344, 0.9998467906279263, -0.01045423198604389,
        0.02103777060016404, 0.01015757771905156, 0.9997270806690477]
projection_matrix:
  rows: 3
  cols: 4
  data: [978.8223704893679, 0, 666.0866488867548, 0,
        0, 978.8223704893679, 251.0649404953047, 0,
        0, 0, 1, 0]
T_right_left:
  rows: 3
  cols: 4
  data: [0.999914, 0.00275305, -0.0128283, -0.118797,
         -0.00301536, 0.999786, -0.0204741, 0.00200079,
         0.0127692, 0.020511, 0.999708, 0.000999634]
