image_width: 1280
image_height: 720
camera_name: TUM_Prophesee_Gen4
camera_matrix: 
  rows: 3
  cols: 3
  data: [1049.048422241493, 0, 652.4780618014456,
        0, 1049.5741104057763, 262.0071641027953,
        0, 0, 1]
distortion_model: equidistant
distortion_coefficients:
  rows: 1
  cols: 4
  data: [-0.12160659649371726, 0.011651206770983776, -0.04866892385445637, 0.039710386685279195]
rectification_matrix:
  rows: 3
  cols: 3
  data: [0.9996801027846643, -0.01425548616909178, -0.02089194128188758,
        0.0140393840540714, 0.9998467906279263, -0.01045423198604776,
        0.02103777060016795, 0.01015757771905542, 0.9997270806690475]
projection_matrix:
  rows: 3
  cols: 4
  data: [1003.214687885086, 0, 684.249826480462, 0,
        0, 1003.214687885086, 262.6338842711844, 0,
        0, 0, 1, 0]
T_right_left:
  rows: 3
  cols: 4
  data: [0.999914, 0.00275305, -0.0128283, -0.118797,
         -0.00301536, 0.999786, -0.0204741, 0.00200079,
         0.0127692, 0.020511, 0.999708, 0.000999634]
