image_width: 1280
image_height: 720
camera_name: TUM_Prophesee_Gen4_right
camera_matrix: 
  rows: 3
  cols: 3
  data: [1049.048422241493, 0, 652.4780618014456,
        0, 1049.5741104057763, 262.0071641027953,
        0, 0, 1]
distortion_model: equidistant
distortion_coefficients:
  rows: 1
  cols: 4
  data: [-0.12160659649371726, 0.011651206770983776, -0.04866892385445637, 0.039710386685279195]
rectification_matrix:
  rows: 3
  cols: 3
  data: [0.9998228165348589, -0.01683908803476967, -0.008413123704025326,
        0.01692490916354748, 0.9998043669069874, 0.01023598375945934,
        0.00823911318696521, -0.01037656146686003, 0.9999122181401811]
projection_matrix:
  rows: 3
  cols: 4
  data: [978.8223704893679, 0, 666.0866488867548, -116.3021522169786,
        0, 978.8223704893679, 251.0649404953047, 0,
        0, 0, 1, 0]
T_right_left:
  rows: 3
  cols: 4
  data: [0.999914, 0.00275305, -0.0128283, -0.118797,
         -0.00301536, 0.999786, -0.0204741, 0.00200079,
         0.0127692, 0.020511, 0.999708, 0.000999634]
